




4

5

6

7

8

9

10

11

12

13

14

15

16 责任推进管理

17

18 保障国家安全 > 助力和平崛起

中国航空工业集团公司2011年社会责任报告              19




             http://www.avic.com

20

                   21




中航工业贵州风雷航空军械有限责任
公司研制生产的矿用移动式救生舱
在遇到爆炸、火灾等事故时可快速启
动，遇险人员只要进入舱体内，即使
矿内已经无法提供生存条件，在舱内
仍至少可生存120小时。

22




     推动
     军民融合
     服务经济建设

23

24

25

26

27

28

29

30 强化自主创新 > 支持产业发展

中国航空工业集团公司2011年社会责任报告              31




             http://www.avic.com

32

33

34




     3.3开展技术合作创新

              35




3.4推进技术标准建设

36

37

38

39

40

41

42

43

44

45

46

47

48

49

50




     中航工业西安航空发动机（集团）有限公司向女职工发放印刷精美的温馨提示卡

51

52

53

54

55

56

57

58




节能环保新技术研究与应用

                                      59




绿色办公
中航工业持续推进绿色办公，建立起一套电子办公平台系统，实现无纸化办公。

60

61

62

63

64

65

66

67

68

69

70

71

72

73

74

75

76

77

78

79

80

81

82

              83




姓名     邮编

职业     电子邮件

机构     电话

联系地址   传真

84
