



























2500   8
       7
2000
       6

1500   5
       4
1000   3
       2
 500
       1
   0   0



 35    0.25

 30
       0.20
 25

 20    0.15

 15    0.10
 10
       0.05
  5

  0    0.00




0.20    0.8
        0.7
0.15    0.6
        0.5
0.10    0.4
        0.3
0.05    0.2
        0.1
0.00    0.0

500    35000

       30000
400
       25000
300    20000

       15000
200
       10000
100
        5000

  0        0




4000     150
3500
         120
3000
2500      90
2000
1500      60

1000
          30
 500
   0       0

12000

10000

 8000

 6000

 4000

 2000

    0













10000

 8000

 6000

 4000

 2000

    0

250

200

150

100

 50

  0

      60
500
      50
400
      40

300   30

200   20

      10
100
       0
  0















