
















                                                                                   70,000

                                                                                   68,000

                                                                                   66,000

                                                                                   64,000

                                                                                   62,000

                                                                                   60,000

                                                                                   58,000

                                                                                   56,000

                                                                                   54,000
                                                                                            2004    2005   2006      2007   2008          2009   2010   2011




70,000                               13,000                               35,000

                                     12,800
65,000                                                                    30,000
                                     12,600
60,000
                                     12,400                               25,000

55,000
                                     12,200
                                                                          20,000
50,000                               12,000
                                                                          15,000
                                     11,800
45,000
                                     11,600                               10,000
40,000
                                     11,400
35,000                                                                     5,000
                                     11,200

30,000                               11,000                                   0
         2008   2009   2010   2011            2008   2009   2010   2011            2008            2009           2010             2011

                                                                                                                                         1,200



                                                                                                                                         1,000
100                                                                100,000

 90                                                                 90,000
                                                                                                                                          800
 80                                                                 80,000

  70                                                                70,000
                                                                                                                                          600
 60                                                                 60,000

 50                                                                 50,000
                                                                                                                                          400
 40                                                                 40,000

 30                                                                 30,000

 20                                                                 20,000                                                                200

  10                                                                10,000

      0                                                                  0                                                                  0
                 2009           2010          2011                           2008          2009           2010      2011                         2009   2010   2011




100                                                  400                                          3,000

90                                                                                                2,900
                                                     350
80                                                                                                2,800
                                                     300
 70                                                                                               2,700
                                                     250
60                                                                                                2,600

50                                                   200                                          2,500

40                                                                                                2,400
                                                     150
30                                                                                                2,300
                                                     100
20                                                                                                2,200
                                                      50
 10                                                                                               2,100

  0                                                    0                                          2,000
          2008          2009   2010    2011                2008   2009       2010   2011                    2008   2009    2010   2011

